prior <- 
structure(c(0.0460578746324439, 0.00552364725603891, 0.0123663744538185, 0.0137404160597983,
0.00709005468685592, 0.00302289153315562, 0.00706257385473632, 0.00104427162054467,
0.0106625628624035, 0.0032427381901124, 0.00211602407320894, 0.000741982467229108,
0.00219846656956773, 0.0024457940586441, 0.00519387727060375, 0.00145648410233862,
0.00214350490532853, 0.00189617741625216, 0.00351754651130836, 0.00381983566462392,
0.0126961444392536, 0.00439693313913545, 0.00280304487619885, 0.0142625518700706, 0.26909230811509,
0.0496303828079914, 0.00582593640935448, 0.0024183132265245, 0.00656791887658358, 0.0080244029789222,
0.0202808541042623, 0.0510044244139713, 0.309214323009701, 0.00145648410233862, 0.00519387727060375,
0.00752974800076946, 0.0166259034323559, 0.0088213471103905, 0.000412212481793949,
0.00294044903679683, 0.0032427381901124, 0.000164884992717579, 0.000302289153315562,
0.000687020802989915, 0.000522135810272335, 0.00590837890571327, 0.0293220478716096,
0.0105251587018055, 0.00288548737255764, 0.00945340624914122, 0.000357250817554756,
0.00208854324108934),
.Dim = c(52))
countsR <- 
structure(c(0, 0, 1, 0, 2, 1, 1, 0, 1, 0, 0, 1, 0, 0, 0, 1, 0, 0, 0, 0, 22, 0, 0, 0, 0, 0, 0, 0, 1,
1, 0, 0, 1, 0, 0, 3, 0, 0, 0, 1, 0, 0, 1, 0, 0, 1, 0, 1, 0, 1, 3, 1, 0, 4, 0, 0, 0, 0, 1, 65, 0, 0,
4, 1, 1, 0, 7, 0, 0, 1, 0, 0, 0, 1, 32, 1, 65, 0, 0, 0, 0, 0, 0, 0, 0, 0, 0, 8, 0, 0, 0, 0, 0, 95, 0,
1, 75, 0, 0, 0, 0, 5, 1, 1, 0, 0, 0, 0, 0, 0, 1, 0, 63, 1, 0, 0, 1, 0, 0, 0, 1, 0, 1, 0, 0, 4, 1, 1,
1, 0, 3, 0, 1, 0, 0, 0, 1, 2, 14, 2, 0, 0, 0, 10, 2, 58, 0, 1, 31, 2, 0, 1, 64, 2, 0, 0, 2, 0, 0, 1,
1, 0, 134, 0, 1, 1, 0, 0, 0, 0, 0, 0, 2, 0, 0, 1, 51, 1, 0, 0, 6, 3, 1, 0, 0, 0, 0, 1, 0, 0, 2, 4, 0,
4, 0, 0, 3, 3, 1, 0, 0, 0, 188, 100, 2, 0, 0, 0, 1, 0, 0, 0, 3, 0, 1, 0, 0, 0, 0, 4, 0, 1, 2, 16, 1,
0, 0, 0, 0, 0, 0, 0, 0, 0, 1, 1, 0, 2, 1, 0, 0, 0, 0, 2, 0, 0, 1, 0, 0, 0, 0, 0, 0, 0, 1, 1, 5, 1, 0,
0, 0, 0, 0, 68, 1, 0, 0, 1, 1, 4, 5, 1, 0, 0, 0, 0, 0, 4, 0, 1, 0, 60, 0, 0, 0, 0, 2, 0, 46, 0, 0,
106, 1, 0, 0, 0, 0, 1, 72, 0, 85, 0, 3, 0, 1, 2, 0, 137, 1, 2, 0, 1, 0, 1, 0, 1, 0, 0, 1, 0, 0, 0, 1,
1, 0, 0, 1, 1, 3, 0, 4, 0, 1, 0, 1, 0, 0, 0, 0, 2, 1, 1, 0, 2, 0, 2, 1, 1, 0, 1, 0, 2, 0, 15, 3, 0,
0, 2, 0, 0, 2, 0, 63, 1, 0, 0, 2, 0, 0, 0, 0, 1, 0, 0, 0, 0, 0, 0, 0, 0, 0, 1, 0, 1, 3, 4, 0, 4, 0,
0, 21, 0, 0, 13, 2, 1, 1, 0, 1, 1, 1, 0, 37, 0, 0, 0, 182, 0, 0, 0, 0, 46, 0, 0, 0, 2, 0, 0, 5, 1, 5,
0, 2, 2, 0, 0, 0, 0, 0, 5, 5, 0, 0, 0, 0, 1, 0, 0, 0, 0, 0, 0, 0, 1, 0, 0, 0, 0, 2, 89, 3, 0, 26, 16,
0, 1, 0, 10, 1, 29, 0, 1, 1, 0, 2, 0, 1, 0, 0, 0, 0, 1, 1, 2, 0, 1, 2, 0, 0, 0, 3, 0, 2, 3, 5, 0, 0,
0, 0, 2, 2, 1, 0, 0, 2, 0, 0, 1, 0, 1, 2, 0, 0, 1, 1, 6, 0, 0, 1, 1, 1, 0, 2, 0, 1, 0, 1, 0, 0, 0, 0,
3, 0, 0, 1, 3, 0, 0, 0, 0, 0, 0, 1, 2, 0, 0, 6, 2, 0, 0, 0, 0, 1, 0, 0, 0, 1, 0, 0, 0, 0, 0, 1, 0, 1,
0, 19, 1, 7, 0, 1, 0, 2, 0, 0, 2, 0, 0, 0, 1, 2, 1, 0, 0, 0, 0, 1, 103, 0, 2, 2, 13, 0, 0, 0, 0, 4,
0, 0, 14, 71, 2, 0, 0, 0, 2, 1, 0, 1, 2, 0, 0, 1, 1, 8, 1, 2, 0, 0, 0, 0, 0, 10, 0, 1, 1, 37, 0, 79,
1, 0, 0, 0, 1, 0, 1, 0, 1, 0, 2, 0, 0, 0, 1, 0, 1, 0, 0, 15, 0, 0, 0, 1, 1, 2, 1, 1, 0, 0, 1, 0, 1,
0, 1, 0, 0, 2, 0, 0, 1, 0, 1, 0, 1, 1, 0, 0, 2, 0, 1, 1, 0, 1, 0, 1, 2, 0, 91, 0, 77, 3, 1, 1, 1, 58,
2, 0, 0, 1, 0, 0, 1, 0, 1, 0, 0, 0, 0, 0, 2, 1, 0, 1, 2, 152, 0, 0, 2, 128, 0, 2, 2, 0, 0, 0, 0, 0,
1, 0, 1, 1, 0, 0, 0, 0, 1, 0, 0, 1, 0, 0, 0, 66, 0, 2, 2, 0, 1, 0, 0, 0, 2, 0, 4, 0, 0, 0, 0, 2, 0,
0, 2, 0, 0, 0, 0, 95, 1, 1, 3, 0, 1, 0, 0, 0, 1, 0, 0, 0, 0, 0, 0, 2, 0, 10, 1, 0, 2, 0, 50, 0, 1, 0,
1, 0, 1, 0, 0, 0, 173, 1, 0, 0, 1, 1, 0, 0, 2, 2, 1, 25, 0, 64, 0, 0, 1, 54, 1, 2, 1, 0, 0, 1, 126,
0, 0, 1, 1, 10, 0, 0, 0, 38, 0, 1, 0, 20, 0, 1, 0, 5, 1, 0, 0, 1, 1, 92, 1, 1, 1, 3, 0, 0, 0, 103, 2,
0, 2, 3, 0, 0, 1, 0, 2, 0, 0, 28, 1, 1, 1, 1, 1, 2, 2, 0, 0, 0, 0, 2, 0, 1, 1, 0, 0, 0, 0, 1, 0, 2,
0, 2, 0, 58, 0, 1, 4, 0, 1, 0, 0, 0, 3, 0, 1, 0, 41, 0, 1, 2, 0, 60, 0, 1, 0, 0, 0, 0, 1, 0, 1, 1, 1,
0, 0, 0, 0, 0, 0, 0, 1, 2, 0, 1, 0, 0, 2, 0, 1, 3, 0, 0, 0, 0, 1, 0, 0, 4, 0, 0, 1, 1, 0, 1, 2, 0, 0,
2, 0, 5, 0, 1, 293, 1, 1, 2, 1, 0, 0, 1, 1, 0, 0, 1, 0, 2, 2, 0, 6, 0, 4, 0, 0, 0, 0, 0, 0, 0, 1, 1,
1, 1, 0, 2, 1, 1, 0, 1, 0, 1, 0, 0, 0, 0, 23, 0, 0, 0, 0, 0, 1, 0, 0, 0, 2, 2, 0, 0, 0, 0, 0, 1, 8,
0, 0, 0, 0, 1, 0, 0, 0, 0, 2, 1, 5, 0, 0, 1, 1, 1, 0, 2, 0, 0, 0, 3, 0, 66, 0, 1, 30, 2, 0, 0, 0, 0,
0, 2, 0, 1, 0, 1, 26, 0, 0, 0, 0, 1, 0, 2, 0, 0, 0, 3, 5, 1, 0, 0, 2, 0, 2, 1, 1, 0, 0, 0, 0, 1, 0,
0, 0, 2, 0, 0, 0, 4, 0, 1, 195, 1, 1, 0, 10, 0, 0, 1, 1, 1, 0, 2, 0, 0, 1, 0, 0, 1, 0, 8, 2, 1, 0, 1,
1, 0, 1, 0, 0, 0, 0, 5, 0, 1, 1, 0, 2, 0, 0, 0, 1, 1, 0, 2, 0, 3, 0, 1, 62, 0, 1, 136, 0, 1, 0, 0, 1,
2, 0, 0, 74, 0, 2, 0, 0, 0, 1, 0, 1, 0, 39, 2, 0, 0, 2, 1, 0, 0, 1, 1, 0, 2, 0, 2, 2, 0, 3, 4, 0, 3,
0, 1, 0, 3, 0, 0, 0, 0, 0, 0, 1, 0, 1, 0, 0, 2, 1, 2, 1, 2, 57, 0, 3, 0, 0, 0, 0, 11, 0, 0, 2, 3, 1,
3, 0, 0, 0, 0, 3, 68, 0, 5, 0, 0, 0, 2, 0, 1, 2, 0, 2, 0, 0, 0, 0, 1, 1, 0, 80, 1, 0, 0, 0, 1, 1, 2,
1, 0, 0, 1, 0, 0, 0, 0, 1, 0, 0, 1, 0, 0, 0, 0, 0, 70, 3, 1, 1, 1, 0, 62, 0, 0, 2, 26, 51, 0, 0, 2,
1, 1, 0, 0, 0, 0, 1, 1, 2, 1, 0, 0, 1, 11, 48, 0, 0, 0, 4, 3, 1, 0, 0, 0, 0, 0, 381, 0, 0, 0, 0, 0,
1, 0, 0, 0, 0, 1, 0, 0, 158, 86, 0, 0, 0, 0, 2, 4, 0, 1, 2, 0, 14, 2, 0, 0, 1, 1, 0, 1, 0, 2, 0, 97,
1, 0, 1, 0, 2, 1, 0, 1, 0, 0, 2, 0, 0, 1, 0, 0, 0, 0, 1, 0, 1, 2, 0, 1, 3, 210, 0, 0, 0, 0, 0, 44, 2,
0, 0, 0, 0, 0, 0, 8, 0, 0, 0, 0, 5, 0, 1, 2, 0, 0, 0, 1, 0, 64, 1, 2, 0, 0, 0, 0, 0, 3, 0, 74, 1, 0,
52, 0, 1, 0, 0, 0, 3, 0, 0, 0, 0, 0, 1, 1, 0, 4, 0, 0, 1, 0, 0, 2, 0, 0, 1, 0, 3, 0, 1, 2, 1, 1, 1,
0, 2, 0, 155, 1, 166, 2, 0, 1, 1, 2, 0, 73, 0, 0, 1, 0, 1, 1, 1, 1, 0, 0, 0, 0, 0, 0, 4, 61, 1, 1, 1,
2, 1, 0, 2, 0, 0, 1, 1, 0, 3, 2, 0, 0, 59, 0, 1, 0, 0, 1, 0, 6, 0, 43, 0, 1, 0, 1, 0, 3, 1, 0, 0, 0,
1, 9, 1, 0, 0, 0, 29, 0, 2, 1, 108, 3, 1, 2, 4, 0, 0, 0, 88, 1, 1, 0, 1, 0, 3, 0, 0, 1, 0, 0, 0, 1,
0, 1, 1, 1, 1, 0, 0, 0, 0, 1, 0, 0, 0, 0, 0, 0, 0, 1, 1, 0, 3, 0, 0, 0, 3, 2, 40, 1, 2, 0, 0, 0, 0,
1, 0, 64, 0, 0, 0, 30, 2, 0, 0, 0, 82, 14, 0, 0, 33, 0, 0, 0, 0, 0, 0, 1, 1, 0, 0, 3, 0, 2, 1, 0, 1,
0, 1, 0, 0, 0, 0, 1, 1, 3, 0, 1, 3, 0, 0, 1, 0, 0, 1, 0, 3, 1, 8, 1, 1, 1, 0, 0, 2, 140, 0, 94, 0, 5,
0, 84, 0, 2, 0, 2, 64, 95, 0, 0, 1, 1, 1, 0, 0, 0, 1, 0, 1, 0, 1, 0, 0, 0, 1, 1, 67, 0, 3, 1, 0, 30,
0, 0, 1, 1, 2, 56, 0, 1, 3, 1, 0, 0, 0, 1, 3, 0, 0, 1, 0, 11, 1, 1, 0, 0, 34, 0, 1, 0, 1, 1, 0, 19,
0, 1, 2, 1, 0, 128, 0, 2, 1, 1, 1, 0, 1, 2, 1, 0, 24, 1, 2, 1, 12, 0, 0, 2, 0, 1, 1, 0, 1, 1, 0, 0,
1, 81, 1, 2, 1, 0, 0, 0, 1, 0, 0, 0, 1, 100, 0, 1, 1, 0, 0, 0, 0, 0, 0, 1, 0, 1, 0, 2, 1, 1, 8, 0, 1,
9, 0, 0, 0, 0, 28, 0, 0, 4, 1, 0, 3, 0, 0, 5, 1, 0, 0, 0, 0, 0, 1, 0, 2, 0, 2, 0, 0, 1, 0, 0, 0, 0,
0, 2, 2, 2, 1, 0, 0, 0, 0, 1, 0, 1, 1, 1, 0, 2, 6, 0, 0, 0, 0, 0, 0, 0, 0, 11, 0, 0, 0, 100, 3, 1, 0,
3, 2, 0, 0, 0, 0, 0, 1, 2, 0, 0, 29, 1, 1, 3, 1, 0, 0, 1, 0, 0, 0, 0, 0, 0, 0, 0, 3, 108, 2, 0, 1, 0,
0, 1, 1, 1, 33, 0, 1, 2, 0, 1, 113, 0, 0, 0, 0, 0, 0, 2, 2, 1, 0, 2, 0, 0, 0, 0, 0, 15, 1, 1, 0, 1,
0, 2, 16, 1, 0, 0, 2, 1, 3, 1, 14, 1, 0, 0, 1, 1, 0, 0, 0, 0, 4, 1, 15, 0, 37, 6, 80, 0, 1, 0, 0, 0,
54, 1, 1, 1, 1, 1, 0, 0, 1, 0, 0, 0, 0, 0, 0, 0, 39, 1, 1, 0, 0, 0, 1, 0, 1, 1, 0, 0, 0, 0, 0, 1, 0,
0, 1, 1, 0, 0, 0, 0, 0, 0, 1, 3, 0, 0, 0, 21, 0, 17, 4, 26, 1, 0, 2, 0, 1, 0, 0, 0, 5, 0, 0, 0, 0, 0,
0, 1, 3, 0, 0, 0, 1, 0, 0, 22, 11, 28, 2, 7, 44, 11, 21, 12, 20, 19, 18, 20, 0, 19, 7, 6, 168, 49, 7,
0, 5, 10, 15, 76, 24, 65, 6, 70, 14, 32, 43, 9, 6, 94, 1, 0, 9, 8, 7, 28, 25, 1, 26, 47, 19, 11, 27,
6, 19, 3, 34, 4, 0, 8, 12, 7, 42, 15, 0, 0, 18, 0, 27, 15, 12, 1, 1, 24, 55, 11, 17, 4, 9, 1, 20, 0,
14, 23, 5, 25, 33, 51, 18, 20, 3, 5, 3, 26, 5, 50, 9, 17, 1, 22, 14, 1, 34, 41, 18, 7, 0, 6, 0, 1,
19, 39, 39, 21, 20, 17, 5, 0, 20, 28, 0, 7, 13, 14, 2, 2, 219, 4, 17, 0, 3, 0, 5, 5, 5, 22, 31, 20,
14, 29, 11, 12, 10, 0, 3, 34, 8, 8, 0, 58, 0, 5, 11, 0, 13, 53, 0, 0, 0, 3, 28, 28, 9, 41, 1, 14, 23,
3, 19, 23, 11, 19, 30, 15, 7, 9, 9, 33, 46, 11, 5, 0, 18, 9, 25, 28, 9, 13, 11, 29, 22, 2, 12, 13, 9,
