prior <- 
c(0.0192307692307692, 0.0192307692307692, 0.0192307692307692, 0.0192307692307692, 0.0192307692307692, 0.0192307692307692, 0.0192307692307692,
0.0192307692307692, 0.0192307692307692, 0.0192307692307692, 0.0192307692307692, 0.0192307692307692, 0.0192307692307692, 0.0192307692307692,
0.0192307692307692, 0.0192307692307692, 0.0192307692307692, 0.0192307692307692, 0.0192307692307692, 0.0192307692307692, 0.0192307692307692,
0.0192307692307692, 0.0192307692307692, 0.0192307692307692, 0.0192307692307692, 0.0192307692307692, 0.0192307692307692, 0.0192307692307692,
0.0192307692307692, 0.0192307692307692, 0.0192307692307692, 0.0192307692307692, 0.0192307692307692, 0.0192307692307692, 0.0192307692307692,
0.0192307692307692, 0.0192307692307692, 0.0192307692307692, 0.0192307692307692, 0.0192307692307692, 0.0192307692307692, 0.0192307692307692,
0.0192307692307692, 0.0192307692307692, 0.0192307692307692, 0.0192307692307692, 0.0192307692307692, 0.0192307692307692, 0.0192307692307692,
0.0192307692307692, 0.0192307692307692, 0.0192307692307692)
countsR <- 
structure(c(3, 9, 4, 0, 3, 7, 8, 5, 4, 7, 5, 3, 0, 1, 6, 6, 5, 4, 7, 4, 1, 9, 5, 6, 0, 31, 24, 10, 16, 1, 4, 0, 2, 7, 4, 1, 5, 4, 2, 2, 3, 8, 0, 5, 5, 10,
6, 6, 8, 4, 0, 7, 8, 8, 3, 3, 1, 18, 9, 6, 0, 3, 0, 6, 3, 9, 0, 3, 9, 6, 2, 1, 2, 1, 1, 5, 0, 2, 13, 12, 2, 2, 5, 2, 0, 12, 5, 3, 5, 10, 8, 9, 3, 0, 10, 3,
3, 0, 1, 5, 1, 2, 0, 0, 0, 6, 18, 8, 8, 5, 5, 4, 1, 3, 10, 2, 0, 8, 4, 2, 6, 11, 0, 9, 0, 3, 0, 4, 11, 5, 5, 5, 1, 9, 0, 3, 3, 9, 3, 15, 3, 2, 1, 0, 3, 1,
3, 4, 0, 1, 2, 0, 0, 1, 0, 15, 6, 4, 0, 0, 8, 6, 0, 1, 0, 0, 1, 6, 4, 9, 3, 10, 2, 24, 3, 1, 7, 0, 1, 11, 19, 2, 4, 10, 1, 5, 3, 4, 5, 5, 0, 1, 8, 5, 2, 4,
2, 2, 2, 2, 2, 7, 1, 1, 6, 3, 1, 1, 7, 7, 11, 1, 2, 1, 14, 1, 8, 10, 1, 4, 3, 2, 0, 0, 1, 0, 5, 5, 8, 0, 1, 4, 9, 0, 3, 11, 0, 0, 3, 5, 1, 1, 1, 17, 12, 3,
15, 3, 4, 2, 2, 17, 4, 2, 6, 2, 0, 1, 3, 3, 0, 2, 2, 0, 6, 2, 10, 1, 0, 0, 0, 0, 5, 6, 3, 1, 6, 0, 0, 5, 1, 3, 0, 3, 10, 4, 0, 6, 2, 4, 15, 0, 0, 3, 0, 1,
0, 2, 1, 0, 3, 9, 4, 4, 3, 16, 2, 3, 2, 2, 7, 1, 4, 7, 15, 0, 1, 2, 6, 10, 4, 12, 1, 6, 20, 3, 1, 2, 7, 1, 0, 0, 5, 9, 2, 11, 7, 3, 3, 4, 3, 4, 1, 0, 2, 1,
5, 3, 4, 0, 1, 4, 4, 0, 6, 7, 0, 0, 12, 3, 5, 2, 0, 11, 3, 5, 1, 5, 0, 4, 5, 5, 24, 4, 5, 11, 4, 10, 2, 1, 2, 0, 5, 12, 5, 0, 1, 15, 3, 1, 0, 7, 7, 6, 15,
5, 6, 9, 5, 2, 2, 1, 0, 2, 4, 1, 1, 2, 17, 7, 4, 0, 1, 9, 10, 2, 3, 4, 2, 5, 19, 5, 2, 11, 8, 0, 4, 6, 1, 0, 1, 2, 1, 7, 3, 13, 4, 0, 2, 5, 1, 0, 1, 3, 0,
4, 7, 5, 0, 2, 4, 6, 0, 3, 3, 2, 2, 2, 8, 1, 13, 6, 2, 1, 3, 4, 6, 9, 3, 1, 2, 1, 4, 2, 8, 7, 9, 1, 2, 7, 8, 17, 7, 10, 1, 7, 0, 5, 3, 8, 0, 4, 15, 4, 8,
2, 6, 1, 3, 10, 10, 11, 2, 2, 7, 0, 5, 9, 2, 4, 2, 0, 0, 2, 0, 1, 4, 2, 6, 4, 7, 5, 3, 9, 5, 8, 7, 3, 5, 7, 21, 2, 10, 2, 0, 11, 1, 2, 13, 0, 1, 4, 0, 1,
1, 5, 0, 3, 8, 14, 7, 6, 13, 5, 0, 12, 0, 7, 1, 2, 6, 1, 6, 7, 5, 0, 3, 5, 3, 0, 7, 6, 17, 2, 2, 3, 4, 0, 5, 10, 0, 5, 5, 7, 2, 12, 2, 5, 6, 0, 3, 9, 6, 5,
19, 5, 2, 12, 17, 1, 2, 3, 4, 2, 0, 6, 5, 9, 4, 1, 33, 39, 2, 2, 6, 1, 1, 0, 1, 0, 3, 7, 4, 11, 1, 1, 4, 7, 11, 2, 5, 3, 13, 5, 3, 11, 6, 10, 1, 5, 10, 11,
5, 0, 5, 0, 3, 6, 10, 1, 0, 7, 3, 3, 2, 2, 3, 6, 3, 0, 3, 5, 5, 5, 0, 6, 2, 0, 13, 11, 0, 12, 0, 1, 5, 0, 3, 4, 2, 0, 4, 5, 8, 5, 0, 6, 4, 3, 8, 7, 15, 0,
2, 4, 4, 7, 3, 1, 2, 2, 2, 6, 13, 37, 2, 0, 2, 14, 2, 1, 8, 9, 16, 0, 4, 2, 4, 1, 0, 5, 0, 1, 1, 3, 1, 1, 8, 6, 0, 2, 7, 6, 3, 10, 2, 8, 2, 1, 3, 2, 7, 7,
8, 1, 4, 2, 7, 0, 0, 7, 6, 2, 5, 1, 2, 2, 1, 7, 0, 6, 6, 1, 5, 1, 7, 5, 2, 14, 2, 3, 5, 13, 4, 4, 0, 4, 1, 1, 4, 0, 8, 0, 0, 0, 2, 0, 2, 9, 2, 3, 18, 8, 3,
2, 4, 11, 1, 3, 3, 0, 0, 0, 1, 7, 2, 6, 3, 0, 2, 1, 3, 1, 9, 2, 0, 0, 13, 2, 0, 6, 1, 0, 0, 1, 1, 3, 0, 11, 4, 3, 2, 10, 9, 4, 6, 11, 0, 6, 0, 2, 14, 2, 7,
2, 0, 5, 12, 3, 4, 1, 0, 0, 2, 2, 2, 8, 4, 0, 12, 1, 4, 13, 9, 1, 7, 6, 0, 2, 9, 11, 0, 5, 4, 1, 5, 0, 4, 8, 5, 0, 2, 4, 0, 0, 9, 51, 5, 1, 12, 1, 2, 19,
2, 1, 5, 1, 2, 1, 3, 3, 3, 6, 2, 6, 3, 14, 7, 4, 0, 10, 1, 10, 11, 5, 1, 6, 6, 6, 16, 1, 3, 7, 1, 1, 9, 6, 0, 6, 12, 7, 2, 2, 0, 2, 1, 9, 0, 8, 1, 1, 11,
11, 6, 17, 4, 0, 3, 1, 2, 1, 9, 4, 5, 2, 1, 7, 5, 5, 7, 7, 10, 2, 5, 11, 3, 3, 1, 0, 3, 0, 1, 5, 4, 4, 1, 2, 0, 0, 3, 3, 2, 10, 4, 13, 3, 0, 14, 3, 0, 2,
11, 6, 3, 1, 1, 4, 1, 7, 1, 2, 0, 0, 1, 0, 1, 0, 0, 0, 0, 0, 0, 0, 0, 0, 0, 0, 0, 0, 0, 0, 0, 0, 0, 0, 0, 0, 0, 0, 0, 0, 0, 0, 0, 0, 0, 0, 0, 1, 0, 0, 0,
0, 0, 0, 0, 0, 1, 0, 0, 0, 0, 0, 0, 0, 0, 0, 0, 0, 0, 0, 0, 0, 0, 0, 0, 0, 0, 0, 0, 0, 0, 0, 0, 0, 0, 0, 0, 0, 0, 0, 0, 0, 0, 0, 0, 0, 0, 0, 0, 0, 0, 0, 0,
0, 0, 0, 0, 0, 0, 0, 0, 0, 0, 0, 0, 0, 0, 0, 0, 1, 0, 0, 0, 0, 0, 0, 0, 0, 0, 0, 0, 0, 0, 0, 0, 0, 0, 0, 0, 0, 0, 0, 0, 0, 0, 0, 0, 0, 0, 0, 0, 0, 0, 0, 0,
0, 0, 1, 0, 0, 0, 0, 0, 0, 0, 0, 0, 0, 0, 0, 0, 0, 0, 0, 0, 0, 0, 0, 0, 0, 0, 0, 0, 0, 0, 0, 0, 0, 0, 0, 0, 0, 0, 0, 0, 0, 0, 0, 0, 0, 0, 0, 0, 0, 0, 0, 0,
0, 0, 0, 0, 0, 0, 0, 0, 1, 0, 0, 0, 0, 0, 0, 0, 0, 0, 0, 1, 0, 0, 0, 0, 0, 0, 0, 0, 0, 0, 0, 0, 0, 1, 0, 0, 0, 0, 0, 0, 0, 0, 0, 0, 0, 0, 0, 0, 1, 0, 0, 0,
0, 0, 0, 0, 1, 0, 0, 0, 0, 1, 0, 0, 0, 0, 0, 0, 0, 0, 0, 0, 0, 0, 0, 0, 0, 0, 0, 0, 0, 0, 0, 0, 0, 0, 0, 0, 0, 0, 0, 0, 0, 0, 0, 0, 0, 0, 0, 0, 0, 0, 0, 0,
0, 0, 1, 0, 0, 0, 0, 0, 0, 0, 0, 0, 0, 1, 0, 0, 0, 0, 0, 0, 0, 0, 0, 0, 0, 0, 0, 0, 0, 0, 0, 0, 0, 0, 0, 0, 0, 0, 0, 0, 0, 0, 0, 0, 0, 0, 0, 0, 0, 0, 0, 0,
0, 0, 0, 0, 0, 0, 0, 0, 0, 0, 0, 0, 0, 0, 0, 0, 0, 0, 0, 0, 0, 0, 0, 0, 0, 0, 0, 0, 0, 0, 0, 0, 0, 0, 0, 1, 0, 0, 0, 0, 0, 0, 0, 0, 0, 0, 0, 0, 0, 0, 0, 0,
0, 0, 0, 0, 0, 2, 0, 0, 0, 0, 0, 0, 0, 0, 0, 0, 0, 0, 0, 0, 0, 0, 0, 0, 0, 0, 0, 0, 0, 0, 0, 0, 0, 0, 0, 0, 0, 0, 1, 0, 0, 0, 0, 0, 0, 0, 0, 0, 0, 0, 1, 0,
0, 0, 0, 0, 0, 0, 0, 0, 0, 0, 0, 0, 0, 2, 0, 0, 0, 0, 0, 0, 0, 0, 0, 0, 0, 0, 0, 0, 0, 0, 0, 0, 0, 0, 0, 0, 0, 0, 0, 0, 0, 0, 0, 0, 0, 0, 0, 0, 0, 0, 0, 0,
0, 0, 0, 2, 0, 0, 0, 0, 0, 0, 0, 0, 0, 0, 0, 0, 0, 0, 3, 0, 0, 0, 0, 0, 0, 0, 0, 0, 0, 0, 0, 0, 0, 1, 0, 0, 0, 0, 2, 0, 0, 0, 0, 0, 1, 0, 1, 0, 0, 0, 0, 0,
0, 0, 0, 0, 0, 0, 0, 0, 0, 0, 0, 0, 0, 0, 0, 0, 0, 0, 0, 0, 0, 0, 0, 0, 0, 1, 0, 0, 0, 0, 0, 0, 0, 0, 0, 1, 2, 0, 0, 0, 0, 1, 0, 0, 0, 0, 0, 0, 0, 0, 0, 0,
0, 3, 0, 0, 0, 0, 0, 0, 0, 0, 0, 0, 0, 0, 0, 0, 0, 0, 0, 0, 0, 0, 0, 0, 0, 0, 0, 0, 0, 0, 0, 0, 0, 0, 0, 0, 0, 0, 0, 0, 0, 0, 0, 0, 0, 0, 0, 0, 0, 0, 0, 0,
0, 0, 0, 0, 0, 0, 0, 0, 0, 0, 0, 1, 0, 0, 0, 0, 0, 0, 0, 0, 0, 0, 0, 0, 0, 0, 0, 0, 0, 0, 0, 0, 0, 0, 0, 0, 0, 0, 0, 0, 0, 0, 0, 0, 0, 0, 0, 0, 0, 0, 0, 0,
0, 0, 0, 0, 0, 0, 0, 0, 0, 0, 0, 0, 0, 0, 0, 0, 0, 0, 0, 0, 0, 0, 0, 0, 0, 0, 0, 0, 0, 0, 0, 0, 0, 1, 0, 0, 0, 1, 0, 0, 1, 0, 0, 0, 1, 0, 0, 1, 0, 0, 0, 0,
0, 0, 0, 0, 0, 0, 0, 0, 0, 0, 0, 0, 0, 0, 0, 0, 0, 0, 0, 0, 0, 0, 0, 0, 0, 0, 0, 0, 0, 0, 0, 0, 0, 0, 0, 1, 1, 0, 0, 0, 0, 1, 0, 0, 0, 0, 0, 0, 1, 0, 0, 0,
0, 0, 0, 0, 0, 0, 0, 0, 0, 0, 0, 0, 0, 0, 0, 0, 0, 0, 0, 0, 0, 0, 0, 0, 0, 0, 0, 0, 0, 0, 0, 0, 0, 1, 0, 0, 0, 0, 0, 1, 0, 0, 0, 0, 0, 0, 0, 0, 0, 0, 0, 0,
0, 0, 0, 0, 0, 0, 0, 0, 0, 0, 0, 0, 0, 0, 0, 0, 0, 0, 0, 0, 0, 0, 0, 0, 0, 0, 0, 0, 0, 0, 0, 0, 0, 0, 0, 0, 0, 0, 0, 0, 0, 0, 0, 0, 0, 0, 0, 0, 0, 0, 0, 0,
2, 0, 0, 0, 0, 0, 0, 1, 0, 0, 0, 0, 1, 0, 0, 0, 0, 0, 0, 0, 0, 0, 0, 0, 2, 0, 0, 0, 0, 0, 0, 0, 0, 0, 0, 0, 1, 0, 0, 0, 0, 0, 0, 0, 0, 0, 0, 0, 0, 1, 0, 0,
0, 0, 0, 0, 0, 0, 0, 1, 0, 0, 0, 9, 0, 0, 1, 0, 0, 0, 0, 0, 0, 0, 0, 2, 16, 0, 0, 5, 5, 14, 3, 0, 8, 0, 0, 0, 0, 3, 2, 1, 0, 0, 1, 0, 7, 3, 1, 2, 15, 0,
24, 6, 0, 1, 1, 1, 17, 0, 0, 0, 17, 1, 1, 1, 1, 0, 1, 0, 1, 5, 3, 0, 0, 0, 4, 2, 0, 2, 12, 0, 0, 1, 1, 0, 4, 0, 2, 0, 0, 0, 0, 0, 0, 2, 2, 2, 0, 0, 4, 0,
0, 1, 3, 0, 4, 1, 1, 1, 0, 3, 3, 5, 0, 6, 0, 1, 0, 3, 0, 0, 0, 0, 0, 0, 0, 5, 0, 0, 0, 10, 2, 2, 1, 7, 1, 0, 0, 2, 0, 3, 3, 1, 0, 1, 6, 15, 0, 0, 1, 0, 1,
0, 0, 0, 1, 4, 0, 0, 0, 1, 0, 0, 3, 1, 0, 0, 0, 5, 0, 0, 6, 0, 1, 3, 0, 0, 0, 0, 8, 4, 1, 1, 0, 1, 3, 0, 2, 1, 0, 0, 0, 2, 0, 3, 5, 7, 0, 0, 1, 0, 0, 4, 0,
1, 5, 0, 2, 0, 2, 0, 0, 0, 2, 0, 0, 1, 1, 0, 1, 0, 1, 2, 3, 3, 0, 0, 0, 1, 2, 0, 1, 13, 0, 0, 0, 2, 0, 13, 0, 5, 0, 2, 5, 1, 2, 4, 1, 3, 0, 5, 0, 0, 48, 2,
