prior <- 
structure(c(0.006, 0.002, 0.423, 0.565, 0.001, 0.003),
.Dim = c(6))
countsR <- 
structure(c(3, 18, 2, 21, 15, 7, 19, 2, 6, 20, 3, 0, 6, 11, 1, 16, 3, 13, 3, 3, 16, 11, 2, 1, 15, 21, 7, 10, 13, 6, 4, 5, 2, 22, 6, 17, 12, 10,
4, 2, 4, 9, 19, 3, 7, 4, 13, 5, 4, 2, 11, 17, 2, 18, 7, 18, 4, 16, 6, 12, 15422, 25, 10, 20, 12, 4, 12, 18, 5, 2, 1, 5, 1, 2, 9, 2, 14, 5, 2, 4,
2, 15, 3, 3, 1, 1, 4, 17, 19, 0, 20, 2, 8, 10, 3, 2, 19, 6, 6, 22, 3, 15, 2, 17, 21, 3, 12, 1, 6, 22, 19, 1, 14, 0, 6, 10, 17, 10, 5, 9, 2, 20,
10, 2, 18, 11, 15, 12, 5, 4, 6, 5, 4, 0, 2, 2, 6, 2, 18, 1, 4, 2, 2, 775, 20, 17, 4, 4, 13, 5, 3, 28, 17, 5, 3, 14, 14, 5, 8, 27, 5, 1, 12, 2, 4,
2, 5, 5, 3, 1, 4, 4, 11, 5, 3, 2, 14, 19, 15, 3, 14, 3, 4, 16, 7, 1, 17, 3, 3, 5, 15, 23, 6, 6, 3, 6, 2, 27, 9, 4, 9, 4, 17, 15, 5, 13, 1, 6, 23,
12, 2, 18, 8, 1, 14, 5, 2, 1, 9, 8, 2, 5, 1, 9, 3, 3, 0, 4, 3, 15, 5, 5, 23, 10, 21, 4, 4, 9, 10, 5, 2, 3, 0, 18, 3, 4, 3, 7, 31, 4, 17, 3, 17,
11, 17, 12, 14, 3, 18, 8, 2, 3, 4, 9, 17, 6, 5, 4, 5, 20, 13, 11, 3, 15, 3, 24, 3, 14, 16, 9, 3, 24, 16, 22, 3, 2, 16, 1, 20, 4, 5, 21, 14, 17,
4, 2, 2, 1, 15, 4, 10, 2, 19, 16, 3, 23, 10, 21, 11, 0, 1, 1, 0, 1, 13, 18, 11, 2, 3, 5, 4, 16, 3, 1, 5, 16, 2, 2, 5, 22, 15, 3, 22, 3, 17, 4, 1,
20, 2, 13, 4, 5, 1, 15, 11, 5, 23, 3, 6, 6, 1, 3, 10, 20, 14, 1, 4, 18, 19, 2, 4, 3, 6, 6, 22, 1, 9, 3, 4, 13, 8, 1, 5, 11, 2, 4, 21, 2, 5, 15,
5, 2, 11, 3, 3, 19, 4, 11, 4, 5, 12, 5, 14, 15, 1, 11, 4, 2, 3, 10, 2, 3, 17, 6, 20, 5, 16, 11, 6, 2, 10, 11, 1, 4, 3, 2, 11, 24, 4, 2, 18, 1, 2,
8, 13, 13, 2, 2, 1, 16, 19, 4, 3, 5, 11, 2, 3, 3, 13, 8, 22, 5, 3, 2, 3, 9, 3, 2, 16, 15, 1, 3, 18, 15, 10, 2, 1, 12, 16, 12, 8, 18, 2, 4, 12,
23, 20, 3, 3, 1, 16, 4, 3, 18, 4, 10, 2, 3, 10, 8, 6, 5, 21, 5, 22, 3, 19, 6, 8, 17, 3, 0, 10, 15, 23, 10, 2, 13, 2, 4, 18, 5, 17, 7, 4, 18, 2,
3, 1, 16, 1, 20, 12, 3, 1, 3, 1, 0, 4, 10, 7, 13, 4, 3, 12, 4, 4, 11, 1, 25, 3, 12, 1, 17, 3, 17, 14, 15, 4, 4, 10, 11, 4, 12, 1, 18, 4, 18, 17,
1, 16, 13, 2, 6, 14, 6, 20, 1, 15, 6, 4, 10, 14, 21, 1, 10, 5, 3, 7, 20, 10, 0, 5, 17, 4, 3, 6, 14, 2, 6, 6, 13, 16, 2, 1, 3, 7, 4, 15, 14, 15,
5, 6, 15, 5, 8, 0, 14, 3, 19, 13, 4, 7, 13, 10, 1, 14, 3, 2, 7, 3, 19, 16, 9, 15, 6, 9, 5, 16, 3, 4, 17, 6, 4, 3, 22, 14, 3, 14, 18, 8, 1, 3, 5,
3, 2, 6, 4, 13, 0, 2, 5, 30, 13, 3, 13, 3, 4, 11, 4, 0, 6, 19, 4, 1, 12, 12, 16, 2, 15, 4, 1, 3, 1, 3, 12, 19, 3, 5, 6, 14, 3, 20, 1, 1, 21, 3,
15, 2, 12, 12, 13, 20, 2, 18, 2, 20, 17, 16, 5, 0, 13935, 3, 4, 2, 5, 2, 1, 5, 11, 16, 13, 1, 15, 12, 1, 3, 1, 15, 20, 9, 21, 12, 2, 6, 14, 3, 9,
18, 23, 20, 18, 4, 17, 15, 14, 2, 4, 11, 1, 2, 19, 12, 2, 12, 2, 4, 14, 6, 18, 2, 4, 4, 3, 1, 16, 4, 8, 22, 1, 13, 20, 2, 5, 2, 5, 24, 2, 17, 0,
9, 2, 2, 2, 20, 1, 2, 2, 18, 1, 3, 2, 12, 5, 9, 0, 4, 4, 3, 23, 2, 13, 6, 3, 6, 19, 2, 3, 2, 11, 1, 3, 3, 15, 0, 0, 5, 13, 1, 13, 16, 3, 19, 16,
17, 5, 16, 13, 2, 14, 1, 4, 5, 13, 1, 12, 24, 6, 21, 2, 2, 4, 18, 2, 14, 4, 16, 2, 0, 12, 14, 4, 15, 6, 4, 23, 15, 1, 14, 2, 12, 1, 0, 16, 19,
11, 2, 2, 5, 3, 2, 12, 2, 4, 2, 6, 15, 13, 1, 1, 3, 4, 16, 17, 4, 16, 2, 3, 3, 3, 78, 1, 0, 4, 5, 2, 2, 14, 5, 1646, 0, 6, 13, 8, 3, 12, 6, 6, 2,
16, 4, 17, 4, 15, 6, 22, 15, 4, 15, 0, 19, 2, 10, 4, 4, 4, 5, 5, 9, 4, 4, 3, 22, 3, 3, 5, 7, 20, 5, 10, 5, 2, 4, 4, 5, 11, 3, 6, 2, 6, 26, 6, 2,
16, 7, 1, 13, 3, 4, 3, 2, 4, 1, 3, 2, 5, 13, 3, 19, 6, 14, 14, 3, 6, 17, 5, 6, 4, 2, 2, 4, 3, 2, 1, 13, 17, 15, 13, 2, 6, 5, 3, 6, 11, 2, 4, 14,
61, 2, 1, 19, 19, 10, 3, 6, 854, 3, 11, 38, 6, 5, 4, 14, 11, 1, 2, 11, 0, 13, 26, 1, 10751, 0, 8181, 11817, 1, 7794, 1, 1, 11033, 1, 0, 0, 9051,
3, 9893, 0, 9554, 1, 1, 9293, 8003, 1, 0, 12234, 11178, 8028, 9789, 9764, 1, 0, 1, 2, 9702, 0, 9510, 7366, 9122, 2, 0, 2, 10208, 11128, 0, 2, 1,
9501, 1, 2, 2, 10282, 6001, 0, 11663, 0, 13116, 1, 10640, 1, 9819, 2, 11268, 10129, 7979, 11722, 1, 10528, 10972, 1, 2, 1, 2, 2, 0, 10625, 1,
10038, 1, 1, 1, 1, 10936, 0, 2, 3, 0, 0, 9999, 9140, 1, 9630, 0, 1, 7457, 1, 0, 11055, 1, 1, 11322, 2, 11181, 0, 9462, 10034, 1, 9881, 0, 0,
11975, 10696, 2, 9433, 1, 1, 9282, 13427, 1, 0, 11673, 0, 8445, 11598, 2, 9364, 8758, 9777, 9364, 2, 3, 2, 2, 2, 3, 2, 1, 1, 0, 11490, 0, 0, 0,
0, 87, 10908, 10732, 1, 0, 10647, 1, 0, 11958, 9869, 8193, 1, 11903, 10227, 1, 0, 12068, 2, 5, 8681, 0, 0, 1, 3, 0, 1, 0, 0, 1, 8472, 0, 2, 0,
11353, 9562, 9361, 3, 9751, 0, 1, 10232, 1, 0, 10438, 0, 1, 0, 11405, 10939, 1, 0, 0, 1, 0, 8582, 10255, 0, 1, 0, 10682, 8929, 2, 8720, 1, 0,
11599, 10335, 1, 11501, 12309, 1, 12091, 4, 0, 4, 0, 1, 1, 2, 0, 11039, 0, 0, 1, 1, 0, 10749, 1, 4, 9507, 10755, 10322, 2, 1, 10286, 9864, 2, 1,
0, 3, 11485, 0, 2, 1, 2, 9950, 0, 8193, 1, 12734, 10177, 9116, 8878, 7207, 0, 10054, 1, 1, 0, 1, 10706, 11264, 1, 1, 2, 0, 9881, 10372, 7715, 2,
11306, 1, 9476, 0, 8972, 13052, 0, 1, 9087, 9960, 9114, 1, 0, 7793, 3, 10683, 3, 2, 10359, 8024, 10461, 1, 2, 1, 0, 9897, 0, 10482, 1, 8020,
11097, 1, 10610, 13239, 10270, 11218, 1, 2, 1, 1, 0, 7008, 11174, 11606, 1, 1, 2, 2, 9575, 0, 0, 2, 11338, 0, 3, 0, 9577, 7859, 0, 7945, 1,
10922, 0, 2, 7741, 0, 12673, 2, 0, 2, 11479, 10863, 12000, 8840, 1, 0, 9438, 2, 1, 0, 12432, 10007, 0, 3, 10151, 9527, 3, 0, 1, 8544, 11843,
8106, 0, 9390, 0, 2, 11035, 9516, 0, 0, 9176, 2, 0, 7895, 1, 2, 10588, 3, 1, 9762, 3, 4, 10594, 0, 8477, 1, 3, 10479, 2, 11055, 11333, 0, 9855,
0, 2, 0, 12346, 0, 1, 9579, 2, 9230, 2, 7141, 8623, 9272, 0, 11775, 9323, 1, 2, 1, 1, 8457, 10594, 3, 2, 10499, 0, 1, 9846, 11190, 9881, 2, 2, 0,
8723, 8735, 1, 1, 0, 10642, 0, 0, 3, 8883, 2, 9657, 1, 1, 1, 2, 9600, 0, 1, 8670, 10421, 1, 4, 11059, 11574, 6738, 0, 0, 10170, 11025, 9468,
13737, 12336, 0, 3, 9680, 10973, 10735, 0, 1, 0, 9514, 0, 2, 9847, 0, 10956, 0, 2, 2, 0, 1, 1, 11438, 1, 9624, 0, 10697, 9090, 10439, 11263, 2,
1, 8431, 11013, 9615, 10078, 0, 9026, 1, 0, 9537, 0, 8068, 1, 3, 13528, 0, 0, 1, 8263, 1, 8561, 7826, 0, 0, 3, 0, 2, 0, 8907, 0, 12258, 1, 0,
8038, 0, 2, 9110, 0, 10147, 1, 11494, 1, 9841, 1, 10274, 9462, 11895, 2, 13058, 8892, 8953, 2, 10788, 0, 11160, 2, 10534, 8334, 1, 11639, 11553,
4, 0, 9335, 3, 9369, 1, 7652, 1, 1, 12932, 11252, 10659, 0, 12784, 1, 0, 1, 11965, 11141, 0, 1, 9066, 2, 2, 0, 7215, 1, 0, 1, 11633, 11366, 1, 1,
0, 1, 2, 9792, 9434, 11856, 0, 0, 8753, 1, 1, 2, 10504, 1, 11547, 11391, 1, 1, 9757, 9194, 4, 13108, 2, 0, 1, 0, 11598, 7735, 7692, 11776, 9600,
10490, 1, 10857, 1, 2, 9086, 0, 1, 0, 10296, 12169, 0, 10579, 9063, 12261, 1, 0, 1, 1, 0, 0, 3, 10026, 0, 0, 0, 10037, 7985, 0, 12277, 0, 1,
12686, 8945, 0, 0, 9086, 0, 3, 8534, 12060, 11356, 1, 8553, 2, 3, 0, 0, 1, 10903, 13826, 1, 0, 1, 10476, 1, 10591, 2, 1, 9606, 1, 9451, 1, 11369,
8577, 12252, 9455, 0, 9950, 0, 9494, 7785, 10009, 1, 3, 1, 0, 1, 1, 1, 1, 0, 0, 10052, 11227, 10213, 3, 7263, 8154, 2, 1, 0, 11836, 8142, 1,
8086, 11618, 0, 0, 11152, 0, 10790, 10291, 12813, 11938, 11391, 2, 10906, 9788, 9639, 0, 0, 11688, 0, 0, 13111, 9116, 2, 10417, 0, 1, 8074, 2,
9601, 1, 0, 1, 3, 1, 8834, 0, 9718, 11255, 0, 12281, 10632, 1, 1, 0, 0, 7400, 0, 10327, 1, 8765, 2, 0, 0, 11808, 1, 0, 0, 9637, 1, 1, 1, 8846, 0,
9339, 2, 0, 0, 2, 11063, 0, 10978, 0, 0, 0, 11862, 0, 2, 0, 9933, 0, 0, 2, 7730, 1, 0, 0, 7403, 2, 9799, 10300, 3, 11798, 7873, 9813, 2, 10618,
9642, 2, 8004, 0, 1, 1, 12704, 1, 10142, 10542, 8433, 9967, 2, 0, 2, 10964, 2, 10584, 1, 8708, 2, 1, 11774, 10581, 0, 10146, 0, 1, 9660, 11223,
1, 11026, 0, 11269, 0, 2, 10799, 10675, 8866, 0, 0, 2, 2, 1, 10790, 2, 0, 2, 2, 11443, 10321, 2, 1, 0, 1, 10619, 11094, 1, 9595, 2, 0, 0, 0, 2,
0, 0, 0, 1, 1, 0, 12807, 2, 1, 0, 0, 11046, 13004, 1, 13925, 0, 11851, 3, 9330, 1, 12040, 1, 11367, 2, 10336, 12362, 0, 7641, 1, 8985, 0, 9651,
0, 1, 1, 0, 1, 12568, 0, 0, 1, 10297, 1, 1, 1, 1, 9899, 1, 9435, 1, 3, 0, 9993, 1, 11444, 0, 1, 0, 0, 8626, 11461, 0, 12246, 8394, 0, 7808, 0, 0,
1, 1, 1, 2, 1, 1, 2, 8655, 2, 8997, 1, 9432, 11089, 3, 3, 10122, 1, 0, 1, 2, 0, 1, 2, 1, 3, 12340, 11063, 12712, 10279, 2, 10088, 3, 0, 1, 11140,
