prior <- 
structure(c(0.021, 0.002, 0.437, 0.53, 0.005, 0.005),
.Dim = c(6))
countsR <- 
structure(c(1, 1, 5, 1, 6, 5147, 5, 1, 3, 1, 4, 0, 1, 1, 0, 0, 0, 0, 1, 5, 16, 2, 1, 5, 1, 1, 9, 5, 0, 2, 3, 2, 1, 2, 3, 2, 1, 0, 5, 12, 1000, 0,
8, 12, 1, 13, 5, 1, 15, 3, 3, 3, 574, 1, 1, 3, 2, 2, 7, 5, 1, 3734, 3, 16, 14, 1, 7, 9, 7, 3, 30, 8, 3, 0, 8, 2, 7, 0, 0, 1, 2, 3, 5, 1, 4, 18,
22, 2, 0, 4, 8, 0, 2, 1, 7, 333, 7, 2, 3, 0, 0, 3, 0, 1, 5, 1232, 4, 10, 3, 2, 2, 3, 0, 1, 9, 2, 1, 2, 7, 4, 10, 1, 9, 2, 2, 4, 6, 8, 3, 0, 7, 6,
1, 6, 1, 0, 9, 9, 0, 5, 2, 1, 2, 2, 0, 0, 0, 1, 3, 7, 9, 4, 10, 3, 1, 4, 1, 10, 10, 0, 3, 0, 1, 3, 0, 1, 0, 0, 10, 6, 2, 3, 2, 3, 3, 0, 0, 0, 17,
133, 2, 2, 5, 1, 6, 2, 29, 1472, 7, 2, 9, 1, 3, 2, 0, 0, 0, 3, 2, 1, 8, 1, 8, 1, 11, 2, 8, 2, 1, 1, 1, 5, 0, 1224, 2, 0, 1, 0, 12, 10, 0, 6, 6,
4, 0, 37, 1, 1, 0, 1, 0, 10, 1, 2, 3, 1, 1, 7, 1, 6, 0, 3, 331, 21, 2, 0, 3, 8, 0, 1, 21, 7, 1, 1, 10, 2, 2, 4, 1, 14, 5362, 7, 10, 5, 12, 10, 0,
14, 0, 5, 1, 4, 14, 9, 0, 0, 10, 5, 13, 2, 1, 0, 1, 2, 5, 4, 1, 1, 1, 1, 2, 10, 1, 2, 2, 1, 0, 8, 3, 6, 8, 9, 6, 7, 4, 6502, 11, 15, 1, 13, 0,
12, 10, 5, 1, 1, 1, 13, 9, 0, 2, 2, 758, 3, 7, 1, 7, 1, 1, 1, 5, 2, 5, 3, 8, 9, 8, 14, 6, 7, 1, 8, 12, 7, 2, 1, 12, 10, 1, 1, 2, 9, 4, 12, 5, 6,
0, 1, 8, 35, 13, 5, 8, 1, 2, 2, 3, 0, 1262, 1, 7, 0, 2, 5, 2, 3, 2, 14, 4, 12, 12, 0, 0, 0, 6, 0, 0, 0, 11, 0, 3, 6, 2, 2, 1, 4, 0, 5, 3, 1, 1,
0, 3, 2, 3, 0, 0, 2, 15, 0, 2, 4, 3156, 19, 0, 3, 1, 4, 2926, 0, 11, 1, 0, 8, 1, 9, 2, 2, 2, 0, 1, 0, 5, 24, 0, 1, 2, 16, 1, 1, 7, 0, 3, 1, 4, 6,
18, 2, 4, 3, 2, 1, 0, 0, 9, 0, 4, 1, 0, 14, 9, 12, 3, 2, 2, 3, 0, 2, 2, 1, 3, 2, 3, 3, 3, 0, 2, 9, 0, 1, 0, 4, 0, 0, 10, 9, 3, 1, 0, 14, 4, 13,
1, 2, 5, 3, 0, 7, 4, 7, 2, 4, 2, 3, 1, 2, 1, 3, 9, 0, 11, 5, 8, 0, 2, 1, 7, 5, 0, 17, 3, 1, 534, 0, 0, 1, 3277, 21, 1, 2, 3, 1125, 16, 1, 4, 2,
4, 10, 16, 0, 1, 4, 5, 3, 1, 9, 2, 4, 16, 8, 2, 0, 7, 1, 1, 3, 8, 1, 2, 0, 432, 2, 4, 3194, 17, 7, 1, 17, 2, 12, 5, 1, 0, 3, 0, 1, 0, 0, 1, 6, 0,
11, 0, 8, 0, 5, 0, 2, 3, 4, 13829, 12, 10, 3, 1, 0, 1, 3, 7, 1, 1, 11, 1, 1, 0, 13, 2173, 9, 2, 2, 25, 3, 1, 1, 5, 3, 4, 9, 1, 0, 7, 1, 2, 0, 6,
5, 7, 1, 7, 3, 2, 2, 4, 0, 0, 0, 3, 1, 3, 13, 3, 1, 10, 1, 5, 0, 31, 17, 2526, 1, 2, 2, 2, 1, 6, 7533, 1, 1, 0, 2, 7, 6, 0, 11, 2, 5, 0, 4, 9, 0,
4, 9, 3, 0, 1, 8, 1, 1, 1, 0, 3, 5, 0, 0, 1, 3, 23, 0, 6, 8, 22, 1, 3, 12, 0, 1, 19, 3, 0, 18, 16, 1, 1, 2334, 0, 6, 15, 2, 2, 10, 1, 0, 1, 2, 1,
8, 1, 1, 4730, 1, 6, 367, 3, 1, 0, 46, 3, 12, 2, 0, 19, 2, 7, 6, 1, 1, 8, 6, 15, 12, 10, 4, 0, 1, 12, 1, 6, 1, 0, 0, 5, 4, 0, 0, 0, 16, 0, 32, 3,
1, 2, 3, 2, 1, 2, 2, 8, 23, 2, 16, 1, 15, 5, 4, 1, 0, 2606, 0, 0, 4, 10, 6, 2, 2, 0, 3, 6, 18, 2, 722, 4, 2, 1, 3, 1, 2590, 1, 2, 21, 4, 4, 4, 0,
12, 3, 3, 6, 4, 1, 0, 0, 3, 0, 0, 2, 3, 2, 2, 4, 4, 0, 23, 4, 2, 4, 7, 0, 5, 3, 0, 11, 1, 6, 8, 11, 2, 10, 9, 6, 3, 0, 4, 0, 8, 0, 5, 2, 1, 8, 5,
4, 1, 20, 12, 0, 1, 3, 4, 4, 0, 2, 4, 7, 1, 3, 0, 4, 11, 8, 4, 0, 4, 1, 5, 1, 5, 3, 0, 0, 8, 2286, 11, 3, 15, 5, 7, 3, 2, 6, 3, 0, 2, 2, 4, 4, 3,
18, 1, 2, 12, 0, 2, 0, 1, 2, 6, 148, 2, 8, 0, 15, 2, 0, 2, 0, 4, 11, 2, 1, 2, 0, 1, 10, 142, 0, 0, 5, 0, 1, 1, 1, 1, 4, 2, 5034, 10, 5, 2, 3, 7,
2, 10, 10, 1, 3, 8, 3, 0, 0, 0, 3, 0, 0, 1, 18, 4, 2, 9, 0, 12, 6, 1, 1, 2, 1, 5, 2, 0, 0, 0, 3, 12, 15, 22, 2, 0, 3, 4, 4, 0, 0, 3, 1, 3, 12, 1,
4, 1, 1, 1, 1, 3, 2, 1, 0, 0, 2, 9, 2, 4, 1, 0, 1, 0, 1341, 1, 882, 0, 9905, 1, 0, 1, 1, 8782, 1, 12960, 478, 407, 0, 2332, 4725, 1, 1, 1, 1, 1,
1964, 3589, 0, 1, 5284, 0, 3614, 7760, 6285, 9498, 10888, 1, 2517, 8614, 0, 0, 4507, 1155, 2, 9413, 11615, 0, 8010, 14494, 0, 2, 68, 0, 4073, 3,
2348, 1, 4220, 8853, 1, 0, 6269, 2449, 3811, 2944, 0, 3964, 2276, 4221, 12817, 6081, 0, 2, 1272, 1451, 8208, 0, 1, 1, 0, 4216, 0, 0, 4402, 3507,
5387, 2, 0, 0, 3109, 0, 0, 0, 3611, 0, 413, 1, 5177, 1, 1, 7691, 3200, 0, 9731, 1, 0, 2123, 7930, 0, 0, 3074, 0, 0, 11663, 1, 6029, 0, 6461,
2694, 1886, 0, 6505, 2032, 0, 3, 3178, 743, 0, 0, 5121, 8537, 0, 6405, 0, 0, 3305, 4042, 0, 0, 6224, 165, 1352, 1092, 4821, 0, 0, 0, 0, 0, 2540,
3337, 5876, 1840, 2002, 5718, 8802, 6446, 0, 1, 2393, 0, 0, 4382, 1, 0, 0, 1457, 7435, 3190, 2118, 2, 2, 0, 0, 0, 0, 1, 4374, 24, 0, 1, 8357, 0,
3190, 0, 4712, 23, 1, 1396, 3779, 1, 1037, 0, 2, 2, 2, 0, 608, 0, 3597, 0, 7351, 0, 1396, 3517, 3599, 0, 0, 0, 0, 5727, 2697, 0, 0, 0, 1, 3,
2614, 6075, 0, 6004, 3932, 1240, 1, 3553, 0, 0, 0, 1, 0, 4426, 1827, 3, 0, 0, 0, 3092, 2, 5203, 402, 0, 0, 2421, 0, 4268, 1983, 1893, 1, 0, 3645,
728, 0, 0, 1087, 1, 1, 1249, 0, 2758, 0, 7820, 13034, 4441, 3228, 9645, 1, 2218, 0, 3528, 1, 4212, 4477, 4654, 0, 1, 4247, 6123, 7164, 1, 0, 0,
0, 3472, 4224, 7276, 2236, 0, 0, 0, 3367, 1893, 0, 1, 11408, 2, 0, 13462, 0, 4834, 10104, 13220, 0, 619, 0, 0, 2881, 4879, 0, 13186, 0, 990,
3891, 1, 1, 0, 9060, 7371, 6681, 0, 0, 2159, 1, 6341, 2, 0, 4630, 2190, 0, 1, 1, 7087, 7897, 2385, 2467, 7077, 8692, 3869, 557, 5767, 1, 2242,
4254, 0, 0, 5212, 3133, 1510, 0, 0, 1, 4003, 2173, 4908, 5047, 3115, 7429, 0, 3118, 891, 2008, 0, 17673, 0, 0, 2595, 5603, 0, 0, 9045, 6900, 1,
0, 4189, 0, 5477, 0, 1161, 3523, 5256, 3745, 0, 2, 1, 1, 1, 4973, 0, 4175, 1, 1, 12399, 1, 0, 9377, 3057, 1, 2389, 0, 1, 2, 1, 1, 2, 1, 1, 1,
7250, 6827, 0, 3, 0, 0, 8110, 0, 1, 0, 1, 0, 0, 9616, 1, 0, 0, 1758, 10036, 4205, 5048, 0, 0, 7112, 1, 3116, 1581, 0, 365, 1, 3289, 0, 1, 0, 0,
0, 1, 9164, 5804, 2930, 2711, 0, 2847, 0, 0, 0, 1, 1867, 0, 0, 0, 0, 2300, 7382, 5065, 997, 3414, 0, 1, 1, 1, 0, 0, 3655, 0, 2767, 13254, 0, 1,
0, 2850, 0, 1826, 0, 0, 3, 0, 4323, 4274, 2184, 1962, 0, 2916, 0, 5649, 0, 4325, 3644, 0, 1, 2261, 12047, 5205, 0, 0, 5136, 1, 0, 0, 0, 16065,
981, 0, 7399, 3236, 2017, 0, 2, 3198, 5518, 1142, 1, 10582, 0, 0, 47, 0, 2, 6867, 1, 4796, 0, 1, 1, 0, 9832, 1, 834, 8246, 9380, 8136, 6524, 0,
0, 3826, 8586, 0, 1, 1420, 0, 1523, 13012, 13561, 19623, 1, 4363, 0, 4200, 2355, 3405, 0, 2, 1, 1, 717, 10867, 0, 825, 4065, 3, 9347, 0, 7777,
6763, 1, 0, 0, 1, 0, 0, 0, 0, 1662, 0, 6390, 0, 1760, 5521, 2, 2890, 0, 2712, 1760, 0, 5484, 3086, 7291, 1, 0, 1, 4302, 3477, 1822, 0, 6337, 1,
0, 1, 5178, 1, 5393, 0, 1, 1490, 0, 5440, 1, 0, 3018, 10938, 4739, 1, 3647, 0, 1, 0, 0, 0, 2157, 1, 0, 1, 1535, 0, 0, 0, 0, 1, 1, 0, 0, 3920,
3333, 2, 1, 6959, 0, 1, 0, 3457, 8513, 0, 0, 0, 6143, 1, 0, 0, 0, 3131, 0, 0, 0, 3881, 3625, 0, 6491, 0, 2073, 1, 0, 1287, 1, 1, 5906, 1, 0, 0,
9473, 1, 0, 0, 1, 1, 6817, 0, 0, 1, 4408, 1, 1, 2, 1969, 1492, 0, 0, 7094, 0, 0, 12458, 4, 1, 4221, 2307, 3759, 0, 0, 0, 0, 9969, 0, 1, 4946,
4051, 0, 3209, 1, 0, 1561, 1, 0, 0, 0, 5691, 1, 7938, 0, 0, 2, 0, 739, 0, 1, 4423, 1298, 2732, 12833, 1, 0, 8725, 12518, 10091, 4671, 2339, 1, 0,
1, 3436, 1, 6083, 1, 0, 2, 0, 0, 5, 0, 0, 9661, 0, 14369, 4, 2, 0, 8835, 1, 0, 0, 5841, 1811, 9841, 2, 4883, 1, 7561, 2762, 1639, 1064, 0, 1, 0,
1759, 3120, 4238, 1539, 0, 0, 0, 0, 1625, 9883, 2, 2, 3239, 1364, 2490, 0, 0, 0, 1, 5318, 3694, 1, 3115, 1, 1, 7423, 3350, 0, 2957, 3918, 4418,
0, 0, 1, 1, 0, 0, 6787, 0, 0, 10565, 0, 1, 5503, 12436, 2, 1, 6649, 2, 4276, 1, 0, 6446, 2633, 10690, 2065, 787, 0, 1155, 1817, 1542, 7569, 0, 0,
1, 3297, 0, 2686, 15722, 0, 3279, 8011, 3688, 0, 5380, 2689, 4773, 1, 0, 0, 9795, 0, 0, 0, 0, 1, 6906, 1, 5632, 5397, 3406, 0, 0, 0, 2688, 1592,
0, 2984, 9685, 1, 0, 9811, 0, 9406, 0, 5257, 13367, 2742, 8515, 0, 7508, 5702, 0, 13548, 7750, 1, 3362, 6211, 2735, 2, 1, 5368, 0, 1, 0, 0, 0,
6053, 1, 0, 7030, 2, 13044, 0, 0, 1, 0, 0, 5483, 1, 1, 0, 0, 0, 2948, 7, 0, 0, 1, 0, 0, 1, 0, 0, 2, 0, 0, 3016, 3, 0, 1211, 3061, 1, 10722, 1347,
2, 0, 1735, 1, 0, 1, 8963, 4058, 0, 8106, 0, 8742, 4290, 1, 7888, 0, 2292, 2, 1, 3974, 1, 0, 3296, 4341, 0, 0, 0, 4997, 1449, 6216, 3159, 0, 1,
3135, 0, 11949, 0, 2, 0, 1, 0, 664, 2, 7389, 0, 0, 0, 0, 0, 3843, 1527, 2899, 0, 5285, 1983, 0, 2823, 4, 1, 9, 0, 2, 6, 4, 6, 14, 8, 3, 14, 4, 2,
10, 6, 2, 5, 1, 4, 9, 2, 21, 4, 5, 4, 1, 4, 1, 1, 2, 1, 1, 3, 1, 14, 6, 9, 2, 1, 12, 7, 1, 1, 8, 7, 8, 6, 4, 9, 3, 5, 284, 4, 6, 15, 0, 11, 1,
